id;image;image_content_type;photo;photo_content_type
